epoch: 1002
v: 4.026666666666646
v_m: 3.973333333333313
x: 76.9303111111111
[68.66648888888926, 68.72755555555592, 68.7884444444448, 68.84915555555592, 68.90968888888926, 68.97004444444482, 69.0302222222226, 69.09022222222261, 69.15004444444483, 69.20968888888927, 69.26915555555594, 69.32844444444483, 69.38755555555593, 69.44648888888926, 69.50524444444481, 69.56382222222258, 69.62222222222259, 69.68044444444482, 69.73848888888926, 69.79635555555593, 69.85404444444482, 69.91155555555594, 69.96888888888927, 70.02604444444482, 70.0830222222226, 70.13982222222259, 70.19644444444481, 70.25288888888925, 70.30915555555592, 70.36524444444481, 70.42115555555593, 70.47688888888926, 70.53244444444482, 70.5878222222226, 70.6430222222226, 70.69804444444482, 70.75288888888926, 70.80755555555592, 70.8620444444448, 70.91635555555591, 70.97048888888925, 71.02444444444481, 71.07822222222259, 71.13191111111148, 71.18560000000036, 71.23928888888925, 71.29297777777813, 71.34666666666702, 71.4003555555559, 71.45404444444479]
[4.586666666666659, 4.573333333333325, 4.559999999999992, 4.546666666666658, 4.533333333333324, 4.519999999999991, 4.506666666666657, 4.493333333333323, 4.47999999999999, 4.466666666666656, 4.4533333333333225, 4.439999999999989, 4.426666666666655, 4.413333333333322, 4.399999999999988, 4.386666666666654, 4.373333333333321, 4.359999999999987, 4.346666666666653, 4.33333333333332, 4.319999999999986, 4.306666666666652, 4.293333333333319, 4.279999999999985, 4.2666666666666515, 4.253333333333318, 4.239999999999984, 4.226666666666651, 4.213333333333317, 4.199999999999983, 4.18666666666665, 4.173333333333316, 4.159999999999982, 4.146666666666649, 4.133333333333315, 4.1199999999999815, 4.106666666666648, 4.093333333333314, 4.0799999999999805, 4.066666666666647, 4.053333333333313, 4.03999999999998, 4.026666666666646, 4.026666666666646, 4.026666666666646, 4.026666666666646, 4.026666666666646, 4.026666666666646, 4.026666666666646, 4.026666666666646]
